753.645751953125	-535.7603149414062
753.4398193359375	-536.0081176757812
753.2015991210938	-536.294921875
752.9972534179688	-536.5406494140625
752.7859497070312	-536.7951049804688
752.5779418945312	-537.0453491210938
752.3726806640625	-537.292236328125
752.0460815429688	-537.6853637695312
751.7868041992188	-537.9974975585938
751.52783203125	-538.3092041015625
751.2703857421875	-538.6190185546875
750.8761596679688	-539.0933837890625
750.5101318359375	-539.5342407226562
750.262939453125	-539.8318481445312
750.0126953125	-540.1331787109375
749.7661743164062	-540.4301147460938
749.34375	-540.9384765625
748.9412841796875	-541.4230346679688
748.6658935546875	-541.7547607421875
748.3942260742188	-542.0817260742188
748.1199340820312	-542.41162109375
747.8480224609375	-542.7388916015625
747.5806274414062	-543.0609130859375
747.3167114257812	-543.37939453125
747.054931640625	-543.6948852539062
746.662353515625	-544.167236328125
746.29736328125	-544.6062622070312
746.050048828125	-544.904541015625
745.8062744140625	-545.1986083984375
745.5638427734375	-545.4910888671875
745.19677734375	-545.9335327148438
744.8524780273438	-546.3483276367188
744.6190795898438	-546.630615234375
744.3878173828125	-546.9102172851562
744.0361938476562	-547.3350830078125
743.810791015625	-547.6065063476562
743.58544921875	-547.8779907226562
743.3618774414062	-548.1474609375
743.1439208984375	-548.41064453125
742.9216918945312	-548.6798706054688
742.668212890625	-548.9866943359375
742.4006958007812	-549.3095092773438
742.1419677734375	-549.6215209960938
741.8851318359375	-549.931396484375
741.6334228515625	-550.2352294921875
741.3827514648438	-550.5377197265625
741.133056640625	-550.8392944335938
740.7687377929688	-551.27880859375
740.5225219726562	-551.5760498046875
740.3888549804688	-551.876708984375
740.0307006835938	-552.1694946289062
739.7677612304688	-552.487060546875
739.39794921875	-552.9338989257812
739.1630859375	-553.2175903320312
738.9248046875	-553.5051879882812
738.69189453125	-553.7864990234375
738.4592895507812	-554.0639038085938
738.223876953125	-554.3428955078125
737.9956665039062	-554.6153564453125
737.6658935546875	-555.009521484375
737.4404296875	-555.2791137695312
737.2191772460938	-555.5438842773438
736.8812866210938	-555.9479370117188
736.6610107421875	-556.20947265625
736.4412841796875	-556.4688720703125
736.2271118164062	-556.7232055664062
736.0154418945312	-556.974853515625
735.8046875	-557.224853515625
735.5921630859375	-557.4758911132812
735.3814086914062	-557.7258911132812
735.1715087890625	-557.9751586914062
734.967529296875	-558.2168579101562
734.7614135742188	-558.457275390625
734.5557861328125	-558.6958618164062
734.3521118164062	-558.935302734375
734.0584716796875	-559.2814331054688
733.8590698242188	-559.5126342773438
733.650634765625	-559.7540893554688
733.44677734375	-559.9927368164062
733.235595703125	-560.2389526367188
732.9462280273438	-560.5759887695312
732.716552734375	-560.83984375
732.4370727539062	-561.1467895507812
732.2196655273438	-561.366455078125
732.0003662109375	-561.5872192382812
731.7069091796875	-561.8551025390625
731.4395141601562	-562.0615844726562
731.09326171875	-562.277099609375
730.7489013671875	-562.4573974609375
730.41748046875	-562.631103515625
730.0714111328125	-562.8084716796875
729.8011474609375	-562.9425659179688
729.4494018554688	-563.1096801757812
729.118408203125	-563.2658081054688
728.809814453125	-563.4048461914062
728.503173828125	-563.5401000976562
728.2140502929688	-563.6721801757812
727.816162109375	-563.85546875
727.5191650390625	-563.97705078125
727.22509765625	-564.0797729492188
726.86328125	-564.1997680664062
726.5553588867188	-564.288330078125
726.2469482421875	-564.3716430664062
725.9287719726562	-564.4468383789062
725.6188354492188	-564.5170288085938
725.3124389648438	-564.571044921875
724.965576171875	-564.6171264648438
724.649169921875	-564.6531982421875
724.3163452148438	-564.6957397460938
723.9790649414062	-564.737060546875
723.6672973632812	-564.7694091796875
723.3397216796875	-564.797607421875
723.03759765625	-564.8170166015625
722.7277221679688	-564.822998046875
722.3804931640625	-564.8154296875
722.0215454101562	-564.7979125976562
721.6392211914062	-564.7715454101562
721.2388916015625	-564.7489624023438
720.8521118164062	-564.72802734375
720.4632568359375	-564.694091796875
720.0980834960938	-564.6465454101562
719.7613525390625	-564.5863647460938
719.4688720703125	-564.5154418945312
719.1549682617188	-564.420166015625
718.7235107421875	-564.2901611328125
718.4114379882812	-564.1990966796875
718.0805053710938	-564.0986328125
717.7921142578125	-563.9955444335938
717.5176391601562	-563.8081665039062
717.1913452148438	-563.73095703125
716.8695678710938	-563.561767578125
716.568359375	-563.3993530273438
716.2888793945312	-563.2222900390625
715.99169921875	-563.0247192382812
715.6854858398438	-562.8216552734375
715.3751220703125	-562.6036376953125
715.0743408203125	-562.3878784179688
714.7852783203125	-562.1640625
714.521484375	-561.9546508789062
714.2113647460938	-561.7079467773438
713.8997802734375	-561.46240234375
713.5899658203125	-561.2215576171875
713.2742919921875	-560.9757080078125
712.9664306640625	-560.7294921875
712.6695556640625	-560.4800415039062
712.2080078125	-560.0880737304688
711.9017944335938	-559.8363647460938
711.5960083007812	-559.585693359375
711.291748046875	-559.3347778320312
710.984130859375	-559.0797119140625
710.6779174804688	-558.8247680664062
710.3782348632812	-558.575439453125
709.9586791992188	-558.2172241210938
709.6649780273438	-557.96044921875
709.3775024414062	-557.7142944335938
709.0863647460938	-557.467041015625
708.7989501953125	-557.2220458984375
708.5108642578125	-556.975830078125
708.2273559570312	-556.7341918945312
707.7872314453125	-556.359375
707.5014038085938	-556.12060546875
707.0863647460938	-555.7786254882812
706.7993774414062	-555.5390625
706.5110473632812	-555.3065795898438
706.2315063476562	-555.0853271484375
705.9479370117188	-554.8557739257812
705.6737670898438	-554.6320190429688
705.4014892578125	-554.4124145507812
704.9866333007812	-554.0802612304688
704.7175903320312	-553.8636474609375
704.3201904296875	-553.5451049804688
704.0574951171875	-553.3389892578125
703.7913818359375	-553.1293334960938
703.5293579101562	-552.9203491210938
703.267578125	-552.7120361328125
703.0093994140625	-552.5068969726562
702.6141967773438	-552.1934204101562
702.3545532226562	-551.9873046875
701.9765625	-551.6885986328125
701.7218627929688	-551.4927368164062
701.4699096679688	-551.2982177734375
701.2171630859375	-551.0999145507812
700.9652709960938	-550.9020385742188
700.7179565429688	-550.7086181640625
700.3384399414062	-550.4124755859375
700.0863647460938	-550.2159423828125
699.7184448242188	-549.9288330078125
699.4743041992188	-549.7381591796875
699.2286376953125	-549.5462646484375
698.981689453125	-549.3534545898438
698.697509765625	-549.1316528320312
698.3590087890625	-548.8673706054688
697.9676513671875	-548.5619506835938
697.27978515625	-548.02490234375
696.77783203125	-547.6328735351562
696.5330200195312	-547.4415893554688
696.2396850585938	-547.21240234375
695.9721069335938	-547.0034790039062
695.6592407226562	-546.7591552734375
695.37744140625	-546.5390014648438
695.0452880859375	-546.2796630859375
694.7509765625	-546.0497436523438
694.4000854492188	-545.7754516601562
694.0809326171875	-545.52587890625
693.7107543945312	-545.2365112304688
693.3701171875	-544.97021484375
692.9805297851562	-544.6658325195312
692.62744140625	-544.3899536132812
692.218505859375	-544.0703125
691.8423461914062	-543.776123046875
691.4140625	-543.441162109375
690.5910034179688	-542.7977294921875
690.2044677734375	-542.4957275390625
690.2044677734375	-541.8245239257812
689.3458251953125	-541.8245239257812
689.3458251953125	-541.4454345703125
688.8609008789062	-541.4454345703125
688.8609008789062	-541.10693359375
688.427734375	-541.10693359375
687.9235229492188	-540.7127685546875
687.4782104492188	-540.3643798828125
686.950927734375	-539.9532470703125
686.4913940429688	-539.5999145507812
685.960205078125	-539.1998291015625
685.5079956054688	-538.86474609375
684.979248046875	-538.4752197265625
684.5234375	-538.139404296875
683.9971923828125	-537.7510375976562
683.0166015625	-537.0249633789062
682.5501098632812	-536.6787719726562
681.5846557617188	-535.9616088867188
681.065673828125	-535.5760498046875
680.5863037109375	-535.2201538085938
680.0696411132812	-534.8367919921875
680.0696411132812	-534.4969482421875
679.6110229492188	-534.4969482421875
679.0991821289062	-534.115966796875
678.6500854492188	-533.7797241210938
678.140380859375	-533.3973999023438
677.6865844726562	-533.0569458007812
677.1788940429688	-532.6762084960938
676.7114868164062	-532.3257446289062
676.205810546875	-531.9464721679688
675.75537109375	-531.6088256835938
675.251220703125	-531.23095703125
674.8068237304688	-530.8978271484375
674.3043823242188	-530.521240234375
673.3740844726562	-529.8240966796875
672.4430541992188	-529.1254272460938
672.0262451171875	-528.8101806640625
671.5311279296875	-528.4348754882812
671.1012573242188	-528.1091918945312
670.6082153320312	-527.735595703125
670.1804809570312	-527.41162109375
669.6904907226562	-527.0408935546875
669.2564086914062	-526.7122802734375
668.7744140625	-526.3439331054688
668.3486328125	-526.0139770507812
667.8683471679688	-525.63916015625
667.8683471679688	-525.2958374023438
667.428466796875	-525.2958374023438
667.428466796875	-524.9265747070312
666.95556640625	-524.9265747070312
666.5452880859375	-524.6033325195312
666.5452880859375	-524.2289428710938
666.0780639648438	-524.2289428710938
665.208740234375	-523.5247802734375
664.3427734375	-522.8236694335938
663.9419555664062	-522.5
663.4775390625	-522.1251831054688
663.06005859375	-521.789306640625
662.5902709960938	-521.41650390625
662.170166015625	-521.0900268554688
661.7020874023438	-520.7320556640625
661.3112182617188	-520.4340209960938
661.3112182617188	-520.0770874023438
660.8414306640625	-520.0770874023438
660.8414306640625	-519.7650146484375
660.4275512695312	-519.7650146484375
659.9605712890625	-519.4139404296875
659.5460205078125	-519.1019897460938
659.0823974609375	-518.752685546875
658.6851806640625	-518.45263671875
658.2291870117188	-518.1048583984375
657.3815307617188	-517.446533203125
656.5225219726562	-516.773193359375
656.1442260742188	-516.4720458984375
655.697998046875	-516.1151123046875
655.2960815429688	-515.7936401367188
654.8515625	-515.4386596679688
654.4461059570312	-515.1150512695312
653.9995727539062	-514.7611083984375
653.6018676757812	-514.44921875
653.1583251953125	-514.10302734375
652.7841186523438	-513.8110961914062
652.3428955078125	-513.4664916992188
651.9566650390625	-513.1643676757812
651.5181274414062	-512.8211059570312
651.1362915039062	-512.5219116210938
651.1362915039062	-512.179931640625
650.7000732421875	-512.179931640625
650.3088989257812	-511.873291015625
649.8948974609375	-511.5484924316406
649.1832275390625	-510.99005126953125
648.5396728515625	-510.4847717285156
648.2210083007812	-510.23492431640625
647.5828247070312	-509.73480224609375
647.2496337890625	-509.47381591796875
646.9649047851562	-509.25079345703125
646.6331176757812	-508.99090576171875
646.3482055664062	-508.7677001953125
646.0150756835938	-508.5067443847656
645.719970703125	-508.2755432128906
645.380615234375	-508.00958251953125
645.0623779296875	-507.7600402832031
644.72412109375	-507.4947814941406
644.4317016601562	-507.2654724121094
644.0944213867188	-507.0009765625
643.7869873046875	-506.7599792480469
643.443115234375	-506.49053955078125
642.8040161132812	-505.9892578125
642.15869140625	-505.48297119140625
641.8515625	-505.2421569824219
641.2169799804688	-504.7445068359375
640.87841796875	-504.4790954589844
640.591552734375	-504.254150390625
640.2550048828125	-503.99029541015625
639.9462280273438	-503.7480773925781
639.6116943359375	-503.4857482910156
639.3212280273438	-503.2580871582031
638.9887084960938	-502.997314453125
638.692138671875	-502.7647705078125
638.3615112304688	-502.50555419921875
638.0792236328125	-502.2842712402344
637.7506713867188	-502.0265808105469
637.455078125	-501.79486083984375
637.1282348632812	-501.5385437011719
636.823486328125	-501.299560546875
636.4985961914062	-501.0447998046875
635.8929443359375	-500.5699462890625
635.2802124023438	-500.0895690917969
634.9986572265625	-499.86883544921875
634.3992309570312	-499.3988952636719
634.0808715820312	-499.1493225097656
633.8056030273438	-498.93328857421875
633.4856567382812	-498.6826477050781
633.2100830078125	-498.4686279296875
632.8927612304688	-498.2239074707031
632.6242065429688	-498.01690673828125
632.3082885742188	-497.7730712890625
632.0336303710938	-497.5606994628906
631.7194213867188	-497.3174743652344
631.4461059570312	-497.1058654785156
631.1333618164062	-496.8634338378906
630.5416259765625	-496.4047546386719
630.27099609375	-496.195068359375
629.7025756835938	-495.75469970703125
629.3934326171875	-495.51531982421875
629.1314086914062	-495.3122253417969
628.8236083984375	-495.0737609863281
628.5586547851562	-494.86846923828125
628.252197265625	-494.6309814453125
627.9901123046875	-494.4278869628906
627.6848754882812	-494.1913146972656
627.422607421875	-493.9879455566406
627.1185302734375	-493.75225830078125
627.1185302734375	-493.31195068359375
626.5505981445312	-493.31195068359375
625.9892578125	-492.8768310546875
625.72412109375	-492.67120361328125
625.4238891601562	-492.4383850097656
625.169677734375	-492.2412414550781
624.8709106445312	-492.0096130371094
624.6146240234375	-491.8108825683594
624.3175048828125	-491.58050537109375
624.0490112304688	-491.37225341796875
623.753662109375	-491.1431884765625
623.4938354492188	-490.94171142578125
623.1906127929688	-490.706787109375
622.9278564453125	-490.5032958984375
622.6181640625	-490.26312255859375
622.3401489257812	-490.0475158691406
622.03173828125	-489.8081970214844
622.03173828125	-489.3652038574219
621.460693359375	-489.3652038574219
620.8795776367188	-488.9147033691406
620.6046142578125	-488.70159912109375
620.0411376953125	-488.26470947265625
619.7379150390625	-488.0295715332031
619.4556884765625	-487.8108215332031
619.1536865234375	-487.57684326171875
618.891357421875	-487.3734436035156
618.5908813476562	-487.1404724121094
618.3297729492188	-486.93804931640625
618.03076171875	-486.70623779296875
617.770263671875	-486.50433349609375
617.472900390625	-486.2738342285156
617.1871337890625	-486.0523681640625
616.8916625976562	-485.8232727050781
616.6297607421875	-485.6202087402344
616.3361206054688	-485.39251708984375
616.0668334960938	-485.183837890625
615.7752075195312	-484.9578857421875
615.222900390625	-484.52978515625
614.9734497070312	-484.3363952636719
614.433349609375	-483.9177551269531
614.1460571289062	-483.695068359375
613.8909912109375	-483.49725341796875
613.5885009765625	-483.2627258300781
613.3193359375	-483.0539855957031
613.0169677734375	-482.8194580078125
612.7472534179688	-482.6103210449219
612.4462280273438	-482.37689208984375
612.1851806640625	-482.1744384765625
611.8858032226562	-481.9422302246094
611.6264038085938	-481.74102783203125
611.3286743164062	-481.5101013183594
611.0629272460938	-481.3039245605469
610.7669067382812	-481.07427978515625
610.2169189453125	-480.64764404296875
609.6716918945312	-480.2245178222656
609.401611328125	-480.0151062011719
608.8070068359375	-479.5538024902344
608.4862670898438	-479.3049011230469
608.2059936523438	-479.08740234375
607.8865966796875	-478.8394775390625
607.609375	-478.62432861328125
607.2914428710938	-478.3775939941406
607.020263671875	-478.1671447753906
606.7037353515625	-477.9214782714844
606.4331665039062	-477.7113952636719
606.1179809570312	-477.4667663574219
605.8421630859375	-477.2527770996094
605.5283203125	-477.00921630859375
604.939697265625	-476.55230712890625
604.3363647460938	-476.0841064453125
604.0509643554688	-475.86260986328125
603.7118530273438	-475.5994567871094
603.4066162109375	-475.3625183105469
603.050537109375	-475.0860290527344
602.734619140625	-474.8406982421875
602.3792724609375	-474.5646667480469
602.0704345703125	-474.3249206542969
601.7166748046875	-474.0502014160156
601.4014282226562	-473.8054504394531
601.0494384765625	-473.5321044921875
600.7418823242188	-473.29327392578125
600.3916015625	-473.0213623046875
600.09228515625	-472.78900146484375
599.74365234375	-472.5183410644531
599.42529296875	-472.2712097167969
599.0784912109375	-472.0018310546875
598.4238891601562	-471.4937744140625
598.4238891601562	-470.98828125
597.772705078125	-470.98828125
597.772705078125	-470.4482116699219
597.0769653320312	-470.4482116699219
596.7715454101562	-470.2111511230469
596.128173828125	-469.71173095703125
595.7800903320312	-469.4415283203125
595.4769897460938	-469.20623779296875
595.1306762695312	-468.9374084472656
594.8232421875	-468.69879150390625
594.4786987304688	-468.4313659667969
594.1744384765625	-468.1952209472656
593.83154296875	-467.92913818359375
593.5391235351562	-467.70220947265625
593.197998046875	-467.4374084472656
592.9052124023438	-467.21014404296875
592.5657958984375	-466.9466247558594
591.9344482421875	-466.456787109375
591.3082885742188	-465.9707946777344
591.0083618164062	-465.7380676269531
590.3912353515625	-465.2591552734375
590.0584716796875	-465.0009765625
589.7723388671875	-464.7789001464844
589.4413452148438	-464.5218811035156
589.1547241210938	-464.2995300292969
588.8253173828125	-464.0438537597656
588.5416259765625	-463.82354736328125
588.2137451171875	-463.5689697265625
587.9315795898438	-463.3497619628906
587.605224609375	-463.0964050292969
587.3153686523438	-462.8713684082031
586.9905395507812	-462.6191101074219
586.3817749023438	-462.1465759277344
585.7796020507812	-461.6788024902344
585.5009765625	-461.4624328613281
585.18017578125	-461.21319580078125
584.9066772460938	-461.0008850097656
584.5870971679688	-460.75262451171875
584.313720703125	-460.5403747558594
583.9953002929688	-460.2931213378906
583.72900390625	-460.0862121582031
583.4107055664062	-459.8386535644531
583.1337890625	-459.6238708496094
582.8164672851562	-459.3790588378906
582.5410766601562	-459.1672058105469
582.2251586914062	-458.9240417480469
581.948974609375	-458.71124267578125
581.6342163085938	-458.46856689453125
581.029541015625	-458.001708984375
581.029541015625	-457.54052734375
580.43212890625	-457.54052734375
580.1609497070312	-457.33123779296875
579.849853515625	-457.091064453125
579.5758666992188	-456.8794860839844
579.2656860351562	-456.64019775390625
578.9995727539062	-456.4347839355469
578.6907348632812	-456.1965026855469
578.428466796875	-455.994140625
578.1210327148438	-455.75689697265625
577.847900390625	-455.546142578125
577.541748046875	-455.3099060058594
577.2774047851562	-455.1058349609375
576.97265625	-454.8706359863281
576.4067993164062	-454.43402099609375
575.8401489257812	-453.99688720703125
575.5850219726562	-453.8001708984375
575.28515625	-453.5688171386719
575.0242309570312	-453.3675537109375
574.7262573242188	-453.1376647949219
574.45751953125	-452.9303283691406
574.1614379882812	-452.7020568847656
573.9012451171875	-452.5014953613281
573.607177734375	-452.2748718261719
573.3487548828125	-452.0755920410156
573.05712890625	-451.8507080078125
572.8116455078125	-451.6614074707031
572.515625	-451.43310546875
572.2484130859375	-451.2270202636719
571.9539184570312	-450.9999694824219
571.4025268554688	-450.5748596191406
571.1529541015625	-450.3823547363281
570.6187744140625	-449.9704284667969
570.3309936523438	-449.7486572265625
570.0791625976562	-449.55438232421875
569.793701171875	-449.33428955078125
569.5513305664062	-449.14727783203125
569.26806640625	-448.92877197265625
569.0205078125	-448.7378845214844
568.7393188476562	-448.5209655761719
568.5006713867188	-448.33697509765625
568.2214965820312	-448.1216125488281
567.6997680664062	-447.7192077636719
567.1738891601562	-447.3135986328125
566.933349609375	-447.1281433105469
566.66015625	-446.9174499511719
566.1591796875	-446.53094482421875
565.65673828125	-446.1434020996094
565.4176635742188	-445.9589538574219
565.1503295898438	-445.7527770996094
564.6510009765625	-445.3676452636719
564.1559448242188	-444.98577880859375
563.6697387695312	-444.6107177734375
563.1842651367188	-444.236328125
562.6728515625	-443.8418884277344
562.428466796875	-443.6533508300781
562.14990234375	-443.4384765625
561.9085693359375	-443.2523498535156
561.6319580078125	-443.0390319824219
561.393798828125	-442.85528564453125
561.119140625	-442.6435546875
560.6172485351562	-442.25653076171875
560.1117553710938	-441.8666687011719
559.6071166992188	-441.4774475097656
559.1132202148438	-441.0965270996094
558.6360473632812	-440.72857666015625
558.149169921875	-440.35308837890625
557.6654663085938	-439.9801025390625
557.1893310546875	-439.6128845214844
556.4679565429688	-439.056640625
556.2119140625	-438.859130859375
555.7395629882812	-438.4949035644531
555.272705078125	-438.134765625
554.8782348632812	-437.8304443359375
554.5494384765625	-437.57666015625
554.2327880859375	-437.3323974609375
553.9140014648438	-437.0865478515625
553.5986938476562	-436.8432922363281
553.2860107421875	-436.60211181640625
552.9730834960938	-436.3606262207031
552.664306640625	-436.1224670410156
552.357421875	-435.88568115234375
552.0527954101562	-435.6494140625
551.7564697265625	-435.41864013671875
551.4637451171875	-435.1920471191406
551.181396484375	-434.9712219238281
550.8958129882812	-434.7379150390625
550.6101684570312	-434.4991455078125
550.3228759765625	-434.2643127441406
550.0457763671875	-434.03753662109375
549.644775390625	-433.691650390625
549.3746948242188	-433.45794677734375
549.1114501953125	-433.2332763671875
548.8626098632812	-433.0131530761719
548.6182861328125	-432.78302001953125
548.2588500976562	-432.4302673339844
548.0367431640625	-432.20361328125
547.7333984375	-431.86273193359375
547.5321655273438	-431.6190185546875
547.3232421875	-431.3653564453125
547.11474609375	-431.11566162109375
546.8941650390625	-430.8555603027344
546.5609741210938	-430.4733581542969
546.2544555664062	-430.1151428222656
546.0460205078125	-429.8674011230469
545.8370361328125	-429.62017822265625
545.6128540039062	-429.3562927246094
545.349853515625	-429.0476989746094
544.9296264648438	-428.554931640625
544.6526489257812	-428.2292175292969
544.3776245117188	-427.9051208496094
544.1073608398438	-427.5902099609375
543.8344116210938	-427.2790832519531
543.5650024414062	-426.96905517578125
543.299072265625	-426.65960693359375
543.0296020507812	-426.3494567871094
542.7647705078125	-426.0467224121094
542.4912719726562	-425.73248291015625
542.2188720703125	-425.4268493652344
542.09033203125	-425.1311950683594
541.8150634765625	-424.997802734375
541.5504150390625	-424.7178039550781
541.1461791992188	-424.2767028808594
540.8876953125	-423.9950866699219
540.6231689453125	-423.708984375
540.3611450195312	-423.4264221191406
540.102783203125	-423.149658203125
539.8312377929688	-422.868408203125
539.5618896484375	-422.59979248046875
539.2889404296875	-422.33074951171875
539.02099609375	-422.0719909667969
538.763671875	-421.8227233886719
538.5022583007812	-421.56353759765625
538.2498779296875	-421.32366943359375
538.0009155273438	-421.0904846191406
537.5811767578125	-420.72369384765625
537.31298828125	-420.4697570800781
537.0570068359375	-420.24560546875
536.844970703125	-419.988525390625
536.6272583007812	-419.7241516113281
536.2745361328125	-419.5582580566406
536.0374145507812	-419.3521728515625
535.7508544921875	-419.10882568359375
535.6038208007812	-418.8304138183594
535.2553100585938	-418.69244384765625
534.8565673828125	-418.36163330078125
534.4306640625	-418.0130310058594
533.7907104492188	-417.492919921875
533.3699951171875	-417.1485900878906
532.7749633789062	-416.6750793457031
532.3684692382812	-416.35302734375
531.9649047851562	-416.04254150390625
531.7527465820312	-415.735107421875
531.3563842773438	-415.5711364746094
530.9555053710938	-415.2582702636719
530.563232421875	-414.95574951171875
530.1761474609375	-414.65887451171875
529.7882690429688	-414.3600158691406
529.205322265625	-413.92669677734375
528.8104858398438	-413.6505432128906
528.4256591796875	-413.3821105957031
527.8485717773438	-412.9669189453125
527.6864013671875	-412.5834045410156
527.3158569335938	-412.5834045410156
526.9476928710938	-412.3194885253906
526.5870361328125	-412.06158447265625
526.2252197265625	-411.8031921386719
525.669677734375	-411.4058532714844
525.1412963867188	-411.0248107910156
524.7835693359375	-410.7667541503906
524.4353637695312	-410.5158996582031
524.0690307617188	-410.2518615722656
523.7173461914062	-409.9986267089844
523.1867065429688	-409.6164855957031
522.8516235351562	-409.373779296875
522.5211791992188	-409.12689208984375
522.188232421875	-408.875244140625
521.8612670898438	-408.6329345703125
521.5302734375	-408.38873291015625
521.1887817382812	-408.138916015625
520.861328125	-407.9055480957031
520.381103515625	-407.55908203125
520.0635375976562	-407.32745361328125
519.7444458007812	-407.0952453613281
519.428466796875	-406.8655700683594
518.9473876953125	-406.51666259765625
518.6295166015625	-406.286376953125
518.2973022460938	-406.0455322265625
517.9515991210938	-405.7975158691406
517.6065673828125	-405.5570068359375
517.27294921875	-405.3227844238281
516.94091796875	-405.0858154296875
516.611328125	-404.85052490234375
516.2960815429688	-404.62628173828125
515.8326416015625	-404.2958068847656
515.4815673828125	-404.0458068847656
515.1165771484375	-403.7870178222656
514.7522583007812	-403.52801513671875
514.1581420898438	-403.1039123535156
514.1581420898438	-402.7945251464844
513.724853515625	-402.7945251464844
513.28857421875	-402.484130859375
512.8582763671875	-402.1784362792969
512.4450073242188	-401.88427734375
512.2513427734375	-401.5796813964844
511.8370361328125	-401.43792724609375
511.4278564453125	-401.1379699707031
510.7965087890625	-400.6799621582031
510.20574951171875	-400.2431640625
509.8048095703125	-399.94677734375
509.4129943847656	-399.65826416015625
509.2032165527344	-399.36529541015625
508.8128356933594	-399.20550537109375
508.4306945800781	-398.9174499511719
508.0476379394531	-398.6284484863281
507.66650390625	-398.33612060546875
507.2887268066406	-398.04827880859375
506.91131591796875	-397.76177978515625
506.53594970703125	-397.47662353515625
506.1669921875	-397.1961364746094
505.81427001953125	-396.921875
505.4759216308594	-396.6451110839844
504.97772216796875	-396.22772216796875
504.63739013671875	-395.9508361816406
504.2615051269531	-395.6474914550781
503.8720703125	-395.3314208984375
503.28118896484375	-394.84918212890625
502.8849792480469	-394.5251770019531
502.4599914550781	-394.17803955078125
502.0335998535156	-393.8301086425781
501.61334228515625	-393.4873046875
501.2059631347656	-393.1553955078125
500.7958679199219	-392.8177185058594
500.39178466796875	-392.4778747558594
499.9947509765625	-392.1463623046875
499.5924987792969	-391.81268310546875
499.1940612792969	-391.4822692871094
498.772705078125	-391.1324768066406
498.3321228027344	-390.7662353515625
497.89453125	-390.4022521972656
497.4515380859375	-390.033935546875
497.0163879394531	-389.6722106933594
496.5946044921875	-389.32159423828125
496.17425537109375	-388.9722595214844
495.5604248046875	-388.4620361328125
495.14678955078125	-388.11822509765625
494.7379455566406	-387.7783508300781
494.32916259765625	-387.4386291503906
493.9139709472656	-387.0935363769531
493.2942810058594	-386.5783996582031
492.8927001953125	-386.2442932128906
492.49298095703125	-385.9114990234375
492.0989074707031	-385.5834655761719
491.7086486816406	-385.2589111328125
491.5289611816406	-384.9360656738281
491.1425476074219	-384.7883605957031
490.5517272949219	-384.2966003417969
490.17608642578125	-383.98370361328125
489.79608154296875	-383.6673278808594
489.4156188964844	-383.3505554199219
489.0262145996094	-383.0306701660156
488.6488342285156	-382.729248046875
488.27978515625	-382.4318542480469
487.9051818847656	-382.12689208984375
487.5279846191406	-381.8284912109375
487.15765380859375	-381.54620361328125
486.7807312011719	-381.2560729980469
486.40240478515625	-380.9678649902344
486.0242919921875	-380.6944580078125
485.65838623046875	-380.4366455078125
485.2986755371094	-380.17706298828125
484.9384460449219	-379.9162902832031
484.5849914550781	-379.668212890625
484.0888366699219	-379.31866455078125
483.7481384277344	-379.0779113769531
483.4236145019531	-378.849853515625
482.92578125	-378.49224853515625
482.6019592285156	-378.26043701171875
482.28057861328125	-378.0318298339844
481.96710205078125	-377.8094177246094
481.6508483886719	-377.58184814453125
481.3420715332031	-377.35772705078125
481.03155517578125	-377.131591796875
480.5855712890625	-376.80609130859375
480.2875061035156	-376.59051513671875
479.98291015625	-376.36968994140625
479.52294921875	-376.0354919433594
479.2187805175781	-375.8143310546875
478.91009521484375	-375.5901184082031
478.5966491699219	-375.3624267578125
478.29046630859375	-375.14007568359375
477.9890441894531	-374.9210510253906
477.6871337890625	-374.69775390625
477.3860778808594	-374.4725341796875
477.0953063964844	-374.25823974609375
476.8067626953125	-374.0429992675781
476.525390625	-373.82623291015625
476.23504638671875	-373.60406494140625
475.9535827636719	-373.39227294921875
475.6470642089844	-373.1613464355469
475.30535888671875	-372.903076171875
474.95623779296875	-372.6387939453125
474.60919189453125	-372.3758544921875
474.259521484375	-372.1109619140625
473.91912841796875	-371.8531494140625
473.5759582519531	-371.593505859375
473.241943359375	-371.3403625488281
472.9065246582031	-371.08465576171875
472.5739440917969	-370.8316650390625
472.2437744140625	-370.58099365234375
471.7678527832031	-370.2196044921875
471.43988037109375	-369.970458984375
471.11962890625	-369.7271728515625
470.79400634765625	-369.4797668457031
470.4800720214844	-369.2413330078125
469.9476013183594	-368.836669921875
469.3669128417969	-368.395263671875
468.9723205566406	-368.095458984375
468.5826416015625	-367.7994384765625
468.191650390625	-367.5022888183594
467.6005554199219	-367.0528564453125
467.2202453613281	-366.7637023925781
466.8430480957031	-366.4771423339844
466.461181640625	-366.1851501464844
466.2892150878906	-365.89788818359375
465.9122619628906	-365.7651672363281
465.3397521972656	-365.32830810546875
464.8118896484375	-364.9255065917969
464.4283447265625	-364.63262939453125
464.0350646972656	-364.3322448730469
463.6478271484375	-364.03643798828125
463.056884765625	-363.5848388671875
462.5124206542969	-363.16290283203125
462.1417541503906	-362.8648986816406
461.7681579589844	-362.5671691894531
461.39581298828125	-362.2742614746094
461.01812744140625	-361.976806640625
460.4499816894531	-361.5288391113281
459.9248046875	-361.1138610839844
459.7310485839844	-360.822509765625
459.3641662597656	-360.67022705078125
459.014892578125	-360.3941955566406
458.66143798828125	-360.11505126953125
458.3094787597656	-359.8371887207031
457.96173095703125	-359.56256103515625
457.5963439941406	-359.27392578125
457.1722412109375	-358.9384765625
456.7161865234375	-358.57818603515625
456.27337646484375	-358.2284240722656
455.8311767578125	-357.8792419433594
455.3927917480469	-357.53302001953125
454.9599914550781	-357.191162109375
454.52728271484375	-356.8492126464844
453.904052734375	-356.3568420410156
453.4798278808594	-356.022216796875
453.05548095703125	-355.6920471191406
452.633544921875	-355.36285400390625
452.1844482421875	-355.010986328125
451.7730407714844	-354.6886291503906
451.35028076171875	-354.357421875
450.7253723144531	-353.8724060058594
450.7253723144531	-353.5617980957031
450.325927734375	-353.5617980957031
449.9300842285156	-353.2534484863281
449.7481384277344	-352.9446716308594
449.3538513183594	-352.8044738769531
448.9620666503906	-352.4992980957031
448.363525390625	-352.03338623046875
447.9684753417969	-351.7259216308594
447.54913330078125	-351.3994445800781
447.12054443359375	-351.065673828125
446.7044372558594	-350.7415771484375
446.29022216796875	-350.4190673828125
446.29022216796875	-350.0932312011719
445.8716735839844	-350.0932312011719
445.46624755859375	-349.77752685546875
445.0644226074219	-349.4647521972656
444.6677551269531	-349.1559753417969
444.276611328125	-348.8514709472656
443.8866882324219	-348.5478210449219
443.49981689453125	-348.24664306640625
443.1182861328125	-347.9496154785156
442.9431457519531	-347.6526184082031
442.5650634765625	-347.51904296875
442.1915588378906	-347.2281799316406
441.6233215332031	-346.7856140136719
441.2607116699219	-346.5032653808594
440.90289306640625	-346.2247314453125
440.54248046875	-345.944091796875
440.18572998046875	-345.66632080078125
439.8374938964844	-345.39520263671875
439.4910888671875	-345.12548828125
439.1435241699219	-344.8548583984375
438.7970886230469	-344.5851135253906
438.6455993652344	-344.3238830566406
438.3026123046875	-344.2000732421875
437.9648742675781	-343.9371337890625
437.4034118652344	-343.50006103515625
436.8132019042969	-343.0404357910156
436.4116516113281	-342.7276611328125
436.005615234375	-342.4114685058594
435.40142822265625	-341.9410095214844
435.0123596191406	-341.63812255859375
434.6337890625	-341.3375549316406
434.25958251953125	-341.03118896484375
433.8851318359375	-340.7272644042969
433.5144348144531	-340.43048095703125
433.1431884765625	-340.1332702636719
432.6089172363281	-339.7043151855469
432.24725341796875	-339.4132995605469
431.8858947753906	-339.1224365234375
431.52508544921875	-338.83221435546875
430.987060546875	-338.39959716796875
430.6429748535156	-338.12298583984375
430.2969055175781	-337.8448181152344
429.97265625	-337.5841979980469
429.65960693359375	-337.3321533203125
429.36151123046875	-337.0923156738281
429.08978271484375	-336.87347412109375
428.842529296875	-336.6746520996094
428.60052490234375	-336.4800109863281
428.3077392578125	-336.2444152832031
428.0006103515625	-335.997314453125
427.6902160644531	-335.74755859375
427.3650207519531	-335.48590087890625
426.94085693359375	-335.14471435546875
426.6412658691406	-334.90380859375
426.3202819824219	-334.6457214355469
425.91571044921875	-334.3204040527344
425.62152099609375	-334.07952880859375
425.31292724609375	-333.8275451660156
425.0286865234375	-333.59619140625
424.8459167480469	-333.3542785644531
424.56719970703125	-333.19952392578125
424.309814453125	-332.97161865234375
424.0433044433594	-332.7280578613281
423.802978515625	-332.5015563964844
423.5636291503906	-332.2615051269531
423.35736083984375	-332.04327392578125
423.11102294921875	-331.7547607421875
422.8424987792969	-331.3852844238281
422.6260681152344	-331.0732421875
422.42938232421875	-330.76702880859375
422.2198181152344	-330.4186706542969
422.0279846191406	-330.0991516113281
421.84979248046875	-329.7672424316406
421.67938232421875	-329.4424743652344
421.537353515625	-329.13299560546875
421.427001953125	-328.8450012207031
421.3306884765625	-328.5458068847656
421.2366027832031	-328.2454528808594
421.1552734375	-327.89208984375
421.087890625	-327.536376953125
421.05401611328125	-327.1546325683594
421.03228759765625	-326.7624206542969
421.020751953125	-326.3353271484375
421.0122375488281	-325.9363098144531
421.0010986328125	-325.4977722167969
420.9873046875	-325.085205078125
420.9729309082031	-324.6338806152344
420.9582824707031	-324.3325500488281
420.9374694824219	-324.0323791503906
420.8725891113281	-323.4389953613281
420.8003234863281	-323.01324462890625
420.6974182128906	-322.571533203125
420.53240966796875	-322.0585021972656
420.3878173828125	-321.717529296875
420.21661376953125	-321.3829650878906
420.0496520996094	-321.0899658203125
419.8758239746094	-320.8050231933594
419.70751953125	-320.54278564453125
419.5247802734375	-320.2694396972656
419.3436584472656	-320.0199890136719
419.1378479003906	-319.76788330078125
418.9381103515625	-319.4689636230469
418.6592102050781	-319.26202392578125
418.4419860839844	-319.0525207519531
418.06329345703125	-318.7290344238281
417.79803466796875	-318.5152893066406
417.5177307128906	-318.3005676269531
417.23486328125	-318.0981140136719
416.9367980957031	-317.89764404296875
416.61322021484375	-317.6860046386719
416.2956237792969	-317.4805908203125
415.98052978515625	-317.27593994140625
415.66766357421875	-317.0699157714844
415.344970703125	-316.8622131347656
415.0170593261719	-316.6634521484375
414.5284118652344	-316.3893127441406
414.2359619140625	-316.2580261230469
413.9331970214844	-316.3531799316406
414.2463073730469	-316.521240234375
414.5472412109375	-316.6884765625
414.8202819824219	-316.85009765625
414.51904296875	-316.7015380859375
414.1787109375	-316.5487976074219
413.8605651855469	-316.4166259765625
413.47137451171875	-316.26983642578125
412.8301696777344	-316.06494140625
412.4022521972656	-315.9561462402344
411.9976806640625	-315.8717956542969
411.5989074707031	-315.7998962402344
411.2132568359375	-315.7325744628906
410.8490905761719	-315.66571044921875
410.4762878417969	-315.5926513671875
410.1138916015625	-315.519287109375
409.5873718261719	-315.41864013671875
409.2257385253906	-315.3513488769531
408.8624572753906	-315.285400390625
408.51202392578125	-315.22100830078125
407.99359130859375	-315.1177978515625
407.5538330078125	-315.01434326171875
407.2585754394531	-314.9346923828125
406.9627990722656	-314.844970703125
406.48455810546875	-314.69342041015625
406.0437927246094	-314.5589294433594
405.73797607421875	-314.4678955078125
405.4442138671875	-314.37933349609375
405.1408996582031	-314.2821960449219
404.71893310546875	-314.1322937011719
404.35406494140625	-313.9866027832031
404.006103515625	-313.8264465332031
403.6273193359375	-313.61602783203125
403.30322265625	-313.3907775878906
403.06463623046875	-313.2070617675781
402.80126953125	-312.9989929199219
402.5416259765625	-312.7884826660156
402.2596435546875	-312.5617370605469
401.89093017578125	-312.2691345214844
401.6250915527344	-312.0659484863281
401.3352966308594	-311.8421936035156
401.0978088378906	-311.65496826171875
400.805908203125	-311.4261169433594
400.4665832519531	-311.1602478027344
400.0898742675781	-310.86517333984375
399.92193603515625	-310.5751953125
399.5466003417969	-310.4402160644531
399.17303466796875	-310.14788818359375
398.6065979003906	-309.70758056640625
398.24005126953125	-309.42486572265625
397.87939453125	-309.1445617675781
397.51904296875	-308.86407470703125
397.16583251953125	-308.59161376953125
397.00042724609375	-308.31744384765625
396.454833984375	-308.04638671875
396.2992858886719	-307.7794494628906
395.95172119140625	-307.6584167480469
395.6055908203125	-307.39166259765625
395.4010009765625	-307.0986633300781
395.00830078125	-306.9316711425781
394.6190185546875	-306.6318664550781
394.02490234375	-306.174560546875
393.6186828613281	-305.8617858886719
393.216552734375	-305.552001953125
392.7989501953125	-305.2304382324219
392.1250305175781	-304.711669921875
391.6756896972656	-304.3657531738281
391.1981201171875	-303.9979248046875
390.6983337402344	-303.613037109375
390.2025451660156	-303.231201171875
389.68548583984375	-302.83294677734375
389.4464111328125	-302.6488952636719
389.15655517578125	-302.4256286621094
388.9146423339844	-302.2393493652344
388.6192932128906	-302.0118408203125
388.3766784667969	-301.8249206542969
388.0734558105469	-301.5912170410156
387.8222351074219	-301.3975524902344
387.51312255859375	-301.159423828125
387.51312255859375	-300.7132873535156
386.9342041015625	-300.7132873535156
386.3442077636719	-300.2584228515625
386.0808410644531	-300.055419921875
385.7591552734375	-299.8073425292969
385.494873046875	-299.6036071777344
385.1748352050781	-299.3568115234375
384.90704345703125	-299.15032958984375
384.5870361328125	-298.9036560058594
384.31573486328125	-298.69451904296875
383.9891357421875	-298.44268798828125
383.38836669921875	-297.9793701171875
383.1191711425781	-297.7717590332031
382.7930603027344	-297.520263671875
382.5298767089844	-297.31732177734375
382.19805908203125	-297.0614318847656
381.9363098144531	-296.85955810546875
381.6060791015625	-296.6048583984375
381.3335266113281	-296.3946228027344
380.99847412109375	-296.13623046875
380.39154052734375	-295.66802978515625
379.7341613769531	-295.1610107421875
379.4493103027344	-294.9412536621094
379.10931396484375	-294.6789855957031
378.8184814453125	-294.4546203613281
378.4709167480469	-294.1864929199219
378.1847229003906	-293.9657287597656
377.8351745605469	-293.69610595703125
377.1725769042969	-293.1848449707031
376.4964294433594	-292.6629943847656
376.1667785644531	-292.4085388183594
375.7868347167969	-292.115234375
375.48956298828125	-291.8857421875
375.10498046875	-291.5887756347656
374.78179931640625	-291.33917236328125
374.3969421386719	-291.0420837402344
373.6902160644531	-290.4964599609375
372.9734802246094	-289.9429931640625
372.6450500488281	-289.6893310546875
372.24462890625	-289.3800354003906
371.9034118652344	-289.1166076660156
371.4967956542969	-288.8025817871094
371.1521911621094	-288.5364685058594
370.74114990234375	-288.21905517578125
370.39044189453125	-287.9482727050781
369.9702453613281	-287.623779296875
369.1846618652344	-287.01715087890625
368.8289489746094	-286.7422790527344
368.05010986328125	-286.1404724121094
368.05010986328125	-285.81280517578125
367.6260070800781	-285.81280517578125
367.2630920410156	-285.53240966796875
366.84112548828125	-285.20623779296875
366.4814147949219	-284.9282531738281
366.0614318847656	-284.6036682128906
365.7125549316406	-284.3340759277344
365.2944641113281	-284.01092529296875
364.5347595214844	-283.4236755371094
363.7690734863281	-282.83184814453125
363.42578125	-282.5664978027344
363.0132141113281	-282.2475891113281
362.6687927246094	-281.9814147949219
362.25787353515625	-281.66387939453125
361.9161071777344	-281.39971923828125
361.5068664550781	-281.08343505859375
360.77001953125	-280.5139465332031
360.77001953125	-279.93536376953125
360.021484375	-279.93536376953125
359.695556640625	-279.68341064453125
359.2911071777344	-279.37078857421875
358.9396667480469	-279.0990905761719
358.53680419921875	-278.7877197265625
358.2015075683594	-278.5284729003906
357.8004455566406	-278.2184143066406
357.468017578125	-277.96148681640625
357.468017578125	-277.65283203125
357.0687561035156	-277.65283203125
356.3504333496094	-277.0976257324219
356.0133056640625	-276.83709716796875
355.61773681640625	-276.5313720703125
355.2900390625	-276.27813720703125
354.8966064453125	-275.9740295410156
354.54718017578125	-275.70391845703125
354.1559143066406	-275.40155029296875
353.8226318359375	-275.1439208984375
353.438232421875	-274.8468322753906
353.07720947265625	-274.5675964355469
352.7412414550781	-274.3074951171875
352.4847412109375	-274.1087951660156
352.1949462890625	-273.8841857910156
351.7328796386719	-273.5256042480469
351.3655700683594	-273.2403259277344
351.0833435058594	-273.0207214355469
350.7791442871094	-272.78338623046875
350.5741882324219	-272.5375671386719
350.2575378417969	-272.3797607421875
349.95404052734375	-272.14471435546875
349.70831298828125	-271.954345703125
349.4112548828125	-271.72418212890625
348.86236572265625	-271.2991943359375
348.2511901855469	-270.8258056640625
347.8237609863281	-270.4951171875
347.5920104980469	-270.1621398925781
347.1600036621094	-269.9811096191406
346.70489501953125	-269.62835693359375
346.21942138671875	-269.25189208984375
345.7259216308594	-268.8695983886719
345.2344055175781	-268.4892578125
344.7391662597656	-268.1057434082031
344.7391662597656	-267.71630859375
344.2355651855469	-267.71630859375
343.52978515625	-267.1878967285156
343.2626037597656	-266.9898376464844
342.7737121582031	-266.62457275390625
342.2786865234375	-266.2624816894531
342.2786865234375	-265.9179992675781
341.7933044433594	-265.9179992675781
341.31231689453125	-265.5743103027344
340.8354187011719	-265.2304382324219
340.3577880859375	-264.88665771484375
339.89288330078125	-264.5546875
339.2242431640625	-264.0767517089844
338.96722412109375	-263.892822265625
338.50054931640625	-263.55938720703125
338.03265380859375	-263.2327880859375
337.5666809082031	-262.91119384765625
337.0974426269531	-262.5868835449219
336.8885498046875	-262.2755432128906
336.4263610839844	-262.14263916015625
336.17120361328125	-261.9755554199219
335.7073669433594	-261.6681823730469
335.23602294921875	-261.3621520996094
334.7733154296875	-261.07305908203125
334.3172607421875	-260.7872009277344
333.8570251464844	-260.495361328125
333.3905944824219	-260.206787109375
332.9201965332031	-259.9273681640625
332.4549865722656	-259.65081787109375
331.9915466308594	-259.3787841796875
331.5282897949219	-259.1212158203125
331.0694885253906	-258.87518310546875
330.6036071777344	-258.6211853027344
330.13568115234375	-258.3683776855469
329.66900634765625	-258.1310729980469
329.21929931640625	-257.9120788574219
328.7730407714844	-257.6905517578125
328.3288269042969	-257.465576171875
327.88885498046875	-257.2425231933594
327.45758056640625	-257.02447509765625
327.02520751953125	-256.8070068359375
326.6064147949219	-256.5970458984375
326.1939392089844	-256.3854675292969
325.77618408203125	-256.1629638671875
325.3607177734375	-255.94412231445312
324.94805908203125	-255.730224609375
324.54107666015625	-255.5184783935547
324.14697265625	-255.31163024902344
323.7666320800781	-255.11021423339844
323.3944396972656	-254.9054412841797
323.0435791015625	-254.70098876953125
322.7060546875	-254.4901885986328
322.3880920410156	-254.274658203125
322.08905029296875	-254.0529327392578
321.79351806640625	-253.81784057617188
321.4912414550781	-253.57225036621094
321.18157958984375	-253.3209686279297
320.861083984375	-253.06353759765625
320.5352478027344	-252.80894470214844
320.2081604003906	-252.5634307861328
319.8876647949219	-252.33148193359375
319.4318542480469	-251.99920654296875
319.120361328125	-251.76510620117188
318.77203369140625	-251.503662109375
318.2164611816406	-251.0911865234375
317.861083984375	-250.82835388183594
317.5063171386719	-250.5662384033203
317.1544189453125	-250.3044891357422
316.80670166015625	-250.0448760986328
316.4635314941406	-249.78953552246094
316.1205749511719	-249.53448486328125
315.7796325683594	-249.28111267089844
315.4446105957031	-249.03224182128906
315.1177062988281	-248.78756713867188
314.7918701171875	-248.5396728515625
314.4588928222656	-248.28802490234375
314.1372985839844	-248.04690551757812
313.8211364746094	-247.8096160888672
313.5083923339844	-247.57144165039062
313.1943359375	-247.32998657226562
312.8849182128906	-247.0944061279297
312.5772399902344	-246.86138916015625
312.2732849121094	-246.63058471679688
311.97772216796875	-246.40541076660156
311.6884765625	-246.1851043701172
311.4091491699219	-245.97122192382812
311.14208984375	-245.76071166992188
310.8835754394531	-245.5464324951172
310.48828125	-245.21279907226562
310.2081298828125	-244.9838409423828
309.9321594238281	-244.76083374023438
309.5050354003906	-244.4132080078125
309.2291564941406	-244.19155883789062
308.9608154296875	-243.9825439453125
308.7002258300781	-243.77793884277344
308.44384765625	-243.57252502441406
308.0787353515625	-243.2833709716797
307.8300476074219	-243.0865478515625
307.4383544921875	-242.78042602539062
307.1507873535156	-242.56285095214844
306.8198547363281	-242.30967712402344
306.4367370605469	-242.0125732421875
306.0328674316406	-241.69956970214844
305.6342468261719	-241.3916015625
305.23321533203125	-241.08230590820312
304.8163146972656	-240.76089477539062
304.3725280761719	-240.41854858398438
304.3725280761719	-240.07965087890625
303.93310546875	-240.07965087890625
303.4682312011719	-239.72100830078125
303.0068664550781	-239.36489868164062
302.541015625	-239.0052490234375
302.05108642578125	-238.6270294189453
301.5623779296875	-238.24984741210938
301.0670166015625	-237.8675079345703
300.5791320800781	-237.49081420898438
300.0817565917969	-237.1068115234375
299.58050537109375	-236.71974182128906
299.0588073730469	-236.31687927246094
298.5369567871094	-235.9140625
298.0132141113281	-235.5096435546875
297.7725830078125	-235.32376098632812
297.4729309082031	-235.0923309326172
297.2247009277344	-234.90069580078125
296.916748046875	-234.6630096435547
296.6600341796875	-234.46487426757812
296.34271240234375	-234.2200164794922
295.7657470703125	-233.77459716796875
295.5182189941406	-233.58352661132812
295.1883850097656	-233.32891845703125
294.93988037109375	-233.1371307373047
294.6012268066406	-232.87571716308594
294.3344421386719	-232.6697998046875
293.9880065917969	-232.40245056152344
293.3673400878906	-231.92349243164062
293.1007995605469	-231.71780395507812
292.75640869140625	-231.45193481445312
292.4709167480469	-231.23155212402344
292.1275634765625	-230.966552734375
291.84735107421875	-230.75027465820312
291.5050964355469	-230.4861297607422
290.87664794921875	-230.00112915039062
290.59991455078125	-229.78753662109375
290.2601013183594	-229.52528381347656
289.9859619140625	-229.31373596191406
289.6474304199219	-229.052490234375
289.3787841796875	-228.84512329101562
289.0415954589844	-228.5848388671875
288.4466247558594	-228.12562561035156
288.19036865234375	-227.9278564453125
287.8558349609375	-227.669677734375
287.5912780761719	-227.46548461914062
287.2582092285156	-227.20835876464844
286.9979248046875	-227.00743103027344
286.6661682128906	-226.75140380859375
286.0710144042969	-226.29209899902344
285.78973388671875	-226.0749969482422
285.19891357421875	-225.61900329589844
284.87164306640625	-225.36634826660156
284.6268005371094	-225.1773223876953
284.3009338378906	-224.92579650878906
283.7238464355469	-224.4807891845703
283.4736633300781	-224.28663635253906
283.4736633300781	-223.82789611816406
282.8913879394531	-223.82789611816406
282.57293701171875	-223.5764617919922
282.3118896484375	-223.37074279785156
281.99456787109375	-223.12106323242188
281.734130859375	-222.9164276123047
281.4179992675781	-222.66824340820312
281.4179992675781	-222.21702575683594
280.8433837890625	-222.21702575683594
280.5884704589844	-222.0172576904297
280.27392578125	-221.77215576171875
280.02154541015625	-221.57603454589844
279.708740234375	-221.3328399658203
279.4605407714844	-221.13955688476562
279.1494445800781	-220.89715576171875
278.5806884765625	-220.4537353515625
278.5806884765625	-220.01832580566406
278.02215576171875	-220.01832580566406
277.777099609375	-219.8274383544922
277.4707336425781	-219.5886688232422
277.2206115722656	-219.39376831054688
276.9158630371094	-219.15626525878906
276.6610107421875	-218.95745849609375
276.35528564453125	-218.71958923339844
275.8011169433594	-218.2936553955078
275.5596008300781	-218.1085968017578
275.2586364746094	-217.87753295898438
275.013916015625	-217.68943786621094
274.7152404785156	-217.45962524414062
274.4728698730469	-217.27297973632812
274.176513671875	-217.0447540283203
273.9299621582031	-216.85475158691406
273.6361389160156	-216.62843322753906
273.1103515625	-216.22364807128906
272.8663024902344	-216.035888671875
272.57781982421875	-215.81393432617188
272.0600891113281	-215.41552734375
271.77520751953125	-215.19615173339844
271.4901123046875	-214.97642517089844
270.9727783203125	-214.58023071289062
270.74639892578125	-214.1951904296875
269.96343994140625	-213.8134307861328
269.4608459472656	-213.43011474609375
268.9639892578125	-213.05096435546875
268.4668884277344	-212.67184448242188
268.26556396484375	-212.35169982910156
268.0467224121094	-212.10614013671875
267.72381591796875	-212.10614013671875
267.41607666015625	-211.87289428710938
267.10443115234375	-211.63465881347656
266.8551940917969	-211.43899536132812
266.6302490234375	-211.18069458007812
266.2878112792969	-211.00332641601562
265.9497375488281	-210.7422637939453
265.5861511230469	-210.46188354492188
265.2569274902344	-210.2049102783203
264.9102478027344	-209.9340057373047
264.69659423828125	-209.58944702148438
264.3917236328125	-209.50746154785156
264.06036376953125	-209.22637939453125
263.6673889160156	-208.8834228515625
263.3965148925781	-208.6205596923828
263.107177734375	-208.32594299316406
262.7669982910156	-207.9680938720703
262.55731201171875	-207.7139892578125
262.3474426269531	-207.44198608398438
262.2264099121094	-207.1174774169922
261.9796142578125	-206.88938903808594
261.8360595703125	-206.62246704101562
261.66156005859375	-206.2882843017578
261.51922607421875	-205.95132446289062
261.3791809082031	-205.6057891845703
261.2529296875	-205.28562927246094
261.139892578125	-204.9497528076172
261.020263671875	-204.61294555664062
260.9141540527344	-204.28883361816406
260.8116149902344	-203.96385192871094
260.6931457519531	-203.5871124267578
260.5863342285156	-203.21298217773438
260.47393798828125	-202.83193969726562
260.3752746582031	-202.49185180664062
260.2884826660156	-202.14376831054688
260.2251281738281	-201.83641052246094
260.17266845703125	-201.5084686279297
260.1297912597656	-201.20794677734375
260.0972595214844	-200.82920837402344
260.0887145996094	-200.5017547607422
260.1219787597656	-200.14573669433594
260.1733703613281	-199.7865447998047
260.2398376464844	-199.3795166015625
260.29931640625	-199.04200744628906
260.3562316894531	-198.70782470703125
260.4206848144531	-198.36077880859375
260.48223876953125	-198.0214385986328
260.5502014160156	-197.69912719726562
260.6057434082031	-197.38772583007812
260.70343017578125	-197.09512329101562
260.7958679199219	-196.79202270507812
260.8865661621094	-196.49009704589844
260.98529052734375	-196.20005798339844
261.1086730957031	-195.87075805664062
261.2192077636719	-195.5598602294922
261.3948669433594	-195.26856994628906
261.5632019042969	-194.95010375976562
261.7311706542969	-194.6279754638672
261.91259765625	-194.30006408691406
262.1291809082031	-193.92654418945312
262.3215026855469	-193.6287841796875
262.4821472167969	-193.37477111816406
262.65087890625	-193.1092529296875
262.8570251464844	-192.79534912109375
263.06463623046875	-192.506103515625
263.2447509765625	-192.25637817382812
263.4296569824219	-191.99127197265625
263.6612243652344	-191.67559814453125
263.86248779296875	-191.42153930664062
264.1006164550781	-191.12193298339844
264.31268310546875	-190.85304260253906
264.65728759765625	-190.41241455078125
264.9833679199219	-189.99656677246094
265.2025146484375	-189.7193603515625
265.4196472167969	-189.45191955566406
265.6337585449219	-189.20057678222656
265.970458984375	-188.83399963378906
266.2038269042969	-188.5929412841797
266.4458923339844	-188.34075927734375
266.6866149902344	-188.0812530517578
266.9198303222656	-187.81964111328125
267.1466369628906	-187.55859375
267.37371826171875	-187.30178833007812
267.7034606933594	-186.93955993652344
267.92962646484375	-186.68919372558594
268.1551208496094	-186.43850708007812
268.50738525390625	-186.0400848388672
268.7272644042969	-185.77850341796875
268.9385986328125	-185.516357421875
269.14715576171875	-185.257080078125
269.3577575683594	-185.00369262695312
269.56707763671875	-184.75375366210938
269.7939147949219	-184.4790496826172
270.1921081542969	-183.9954071044922
270.36126708984375	-183.60089111328125
270.6961364746094	-183.38201904296875
271.0243225097656	-182.97976684570312
271.34735107421875	-182.5819091796875
271.66143798828125	-182.19747924804688
271.98309326171875	-181.8040008544922
272.3039245605469	-181.41136169433594
272.63787841796875	-181.0026092529297
272.9960632324219	-180.56427001953125
273.3660583496094	-180.11123657226562
273.7378845214844	-179.65589904785156
273.9059143066406	-179.20037841796875
274.4851379394531	-178.74160766601562
275.0578308105469	-178.0409393310547
275.2778015136719	-177.77174377441406
275.4676513671875	-177.262451171875
275.8916320800781	-177.02053833007812
276.1158752441406	-176.74583435058594
276.51861572265625	-176.25320434570312
276.51861572265625	-175.75909423828125
276.9322204589844	-175.75909423828125
277.3489685058594	-175.26390075683594
277.7588195800781	-174.7731475830078
277.9559020996094	-174.53651428222656
278.17413330078125	-174.2742919921875
278.3669738769531	-174.0427703857422
278.58514404296875	-173.78091430664062
278.98638916015625	-173.29417419433594
279.3796691894531	-172.81581115722656
279.7696228027344	-172.3433380126953
280.15032958984375	-171.88267517089844
280.3227844238281	-171.42733764648438
280.69586181640625	-171.22235107421875
281.0771789550781	-170.75985717773438
281.2767333984375	-170.51773071289062
281.6394348144531	-170.07786560058594
282.0014343261719	-169.6392059326172
282.3590087890625	-169.20608520507812
282.719482421875	-168.76922607421875
283.0916442871094	-168.31838989257812
283.4622802734375	-167.87232971191406
283.8548889160156	-167.39915466308594
284.2565612792969	-166.91429138183594
284.65740966796875	-166.43035888671875
285.055908203125	-165.94931030273438
285.47857666015625	-165.439208984375
285.9018249511719	-164.928466796875
286.102783203125	-164.6860809326172
286.3505859375	-164.38706970214844
286.5787353515625	-164.11163330078125
286.8420104980469	-163.79367065429688
287.0728454589844	-163.51507568359375
287.3526306152344	-163.17813110351562
287.5976257324219	-162.88311767578125
287.88494873046875	-162.53729248046875
288.4147644042969	-161.89920043945312
288.9277038574219	-161.28082275390625
289.16070556640625	-161.00294494628906
289.4466552734375	-160.66590881347656
289.6873474121094	-160.38365173339844
289.9739685058594	-160.0474090576172
290.2095642089844	-159.7705078125
290.49432373046875	-159.43533325195312
290.7247619628906	-159.16368103027344
291.007568359375	-158.8299560546875
291.5194396972656	-158.22552490234375
291.74761962890625	-157.95608520507812
292.2548522949219	-157.3573760986328
292.5328369140625	-157.02926635742188
292.76434326171875	-156.75596618652344
293.04058837890625	-156.42991638183594
293.2626647949219	-156.16778564453125
293.5372314453125	-155.84378051757812
294.0391540527344	-155.25157165527344
294.25982666015625	-154.9910888671875
294.7537841796875	-154.4078369140625
295.02374267578125	-154.08908081054688
295.2442321777344	-153.82879638671875
295.51263427734375	-153.51190185546875
295.7374267578125	-153.24658203125
296.0045166015625	-152.93133544921875
296.48944091796875	-152.35891723632812
296.9988098144531	-151.7578582763672
297.23822021484375	-151.47523498535156
297.23822021484375	-151.13449096679688
297.78570556640625	-150.82894897460938
298.0819396972656	-150.47918701171875
298.3377990722656	-150.17706298828125
298.6418762207031	-149.81802368164062
298.8948059082031	-149.5194091796875
299.21087646484375	-149.1461639404297
299.7823791503906	-148.47120666503906
300.36883544921875	-147.7784881591797
300.638671875	-147.4597930908203
300.96563720703125	-147.07354736328125
301.2334899902344	-146.75729370117188
301.5662841796875	-146.3647003173828
301.8512268066406	-146.02854919433594
302.19580078125	-145.62132263183594
302.8393249511719	-144.86422729492188
303.46185302734375	-144.13539123535156
303.7380676269531	-143.8118896484375
304.0819091796875	-143.4089813232422
304.3674621582031	-143.07412719726562
304.7095642089844	-142.6728973388672
304.98260498046875	-142.3525390625
304.98260498046875	-141.95167541503906
305.3245544433594	-141.95167541503906
305.615234375	-141.61036682128906
305.9570007324219	-141.20521545410156
306.556884765625	-140.47654724121094
306.80859375	-140.16793823242188
307.1357116699219	-139.76730346679688
307.1357116699219	-139.4207763671875
307.7455749511719	-139.02279663085938
308.00958251953125	-138.7013702392578
308.3349914550781	-138.3056640625
308.93646240234375	-137.5745391845703
309.2057189941406	-137.2471466064453
309.5280456542969	-136.85508728027344
309.79443359375	-136.53099060058594
310.11517333984375	-136.14060974121094
310.11517333984375	-135.82452392578125
310.6940612792969	-135.4358367919922
311.2740783691406	-134.7300262451172
311.53936767578125	-134.40928649902344
311.8573303222656	-134.02572631835938
312.11981201171875	-133.7090606689453
312.43634033203125	-133.32711791992188
312.6968078613281	-133.01258850097656
313.01165771484375	-132.63230895996094
313.5801696777344	-131.94549560546875
313.8394775390625	-131.63221740722656
314.15130615234375	-131.2554931640625
314.4192199707031	-130.93186950683594
314.7283935546875	-130.55804443359375
314.9769287109375	-130.25828552246094
315.2865905761719	-129.88668823242188
315.8493347167969	-129.212646484375
316.0906066894531	-128.92355346679688
316.3977355957031	-128.55538940429688
316.6466369628906	-128.2569122314453
316.6466369628906	-127.89037322998047
316.9521179199219	-127.89037322998047
317.20013427734375	-127.59239959716797
317.50067138671875	-127.23174285888672
318.037353515625	-126.5977554321289
318.2811584472656	-126.31871032714844
318.2811584472656	-125.97183990478516
318.5909729003906	-125.97183990478516
318.8468322753906	-125.68828582763672
319.1593322753906	-125.34174346923828
319.4093933105469	-125.06349182128906
319.7190856933594	-124.71746826171875
319.7190856933594	-124.09197998046875
320.2763977050781	-124.09197998046875
320.2763977050781	-123.46759033203125
320.83197021484375	-123.46759033203125
321.09588623046875	-123.16797637939453
321.4014587402344	-122.81460571289062
321.6521301269531	-122.51780700683594
321.94354248046875	-122.16616821289062
322.1566467285156	-121.90750885009766
322.44451904296875	-121.55876159667969
322.9461364746094	-120.95491027832031
323.1664123535156	-120.69098663330078
323.4556579589844	-120.34512329101562
323.68475341796875	-120.07145690917969
323.98681640625	-119.71043395996094
324.516845703125	-119.075927734375
325.06671142578125	-118.41665649414062
325.3294982910156	-118.10148620605469
325.6408996582031	-117.72797393798828
325.8954772949219	-117.42259979248047
326.2054748535156	-117.0509033203125
326.4662780761719	-116.73783874511719
326.7737121582031	-116.36976623535156
327.3274230957031	-115.7109375
327.5736999511719	-115.41828155517578
327.5736999511719	-115.0533218383789
327.8807373046875	-115.0533218383789
328.1106262207031	-114.7796401977539
328.4151611328125	-114.41793823242188
328.65380859375	-114.1357650756836
328.9591064453125	-113.77547454833984
329.51458740234375	-113.11980438232422
330.0760803222656	-112.4562759399414
330.330810546875	-112.15524291992188
330.6311950683594	-111.8001708984375
330.8815002441406	-111.50434112548828
331.1802062988281	-111.15127563476562
331.4207458496094	-110.86697387695312
331.7177734375	-110.51597595214844
332.2392578125	-109.89962005615234
332.46673583984375	-109.6307373046875
332.9786682128906	-109.02554321289062
333.27911376953125	-108.67033386230469
333.51654052734375	-108.38965606689453
333.8314208984375	-108.0175552368164
334.410400390625	-107.3333740234375
335.01275634765625	-106.62149810791016
335.01275634765625	-106.28217315673828
335.6597900390625	-105.85698699951172
335.9667053222656	-105.4943618774414
335.9667053222656	-105.06061553955078
336.3338928222656	-105.06061553955078
336.3338928222656	-104.71024322509766
336.9961853027344	-104.27818298339844
337.65924072265625	-103.49488067626953
338.3106689453125	-102.72508239746094
338.6015319824219	-102.38127136230469
338.9617919921875	-101.95545959472656
339.2624206542969	-101.60018920898438
339.62115478515625	-101.17627716064453
339.9120178222656	-100.8323745727539
340.26898193359375	-100.41057586669922
340.90948486328125	-99.65419006347656
341.5517883300781	-98.89570617675781
341.8441467285156	-98.55034637451172
342.1965637207031	-98.13424682617188
342.4803771972656	-97.79915618896484
342.83135986328125	-97.38484191894531
342.83135986328125	-97.04505920410156
343.4684753417969	-96.63247680664062
344.1004943847656	-95.885986328125
344.7213134765625	-95.15274810791016
344.99755859375	-94.8266372680664
345.3424377441406	-94.41921997070312
345.6278076171875	-94.08216094970703
345.9729919433594	-93.67251586914062
346.2607116699219	-93.32820892333984
346.5997619628906	-92.92031860351562
347.212158203125	-92.18314361572266
347.212158203125	-91.85429382324219
348.0962829589844	-91.118896484375
348.4315185546875	-90.7159194946289
348.70428466796875	-90.38899230957031
349.0409851074219	-89.98734283447266
349.32366943359375	-89.6506576538086
349.6601867675781	-89.25025939941406
350.272705078125	-88.52027893066406
350.541015625	-88.19947814941406
351.1516418457031	-87.47273254394531
351.4867248535156	-87.07881927490234
351.7574462890625	-86.76175689697266
352.0919494628906	-86.36985778808594
352.0919494628906	-86.06970977783203
352.6790771484375	-85.67951202392578
353.2770690917969	-84.97905731201172
353.5332946777344	-84.68183898925781
353.8664245605469	-84.29579162597656
354.13702392578125	-83.9808578491211
354.4672546386719	-83.5944595336914
354.7353210449219	-83.27994537353516
355.0643005371094	-82.89491271972656
355.6543273925781	-82.20542907714844
355.92181396484375	-81.89208984375
356.50128173828125	-81.2117691040039
356.8247985839844	-80.8338623046875
356.8247985839844	-80.53187561035156
357.410888671875	-80.15544891357422
357.6766357421875	-79.84854125976562
358.0009460449219	-79.47368621826172
358.583251953125	-78.79973602294922
358.8349304199219	-78.50814056396484
359.15582275390625	-78.13615417480469
359.4220275878906	-77.82755279541016
359.7415466308594	-77.45722198486328
360.0019226074219	-77.15538024902344
360.3200378417969	-76.78678131103516
360.886962890625	-76.12993621826172
361.14691162109375	-75.82884979248047
361.4621887207031	-75.46361541748047
361.7135314941406	-75.17253875732422
362.0274658203125	-74.80894470214844
362.27593994140625	-74.52107238769531
362.5884704589844	-74.15911102294922
362.8354187011719	-73.87305450439453
363.1465148925781	-73.5127182006836
363.7060852050781	-72.86459350585938
363.9615173339844	-72.56871032714844
364.2698059082031	-72.21163940429688
364.5193786621094	-71.92259216308594
364.8262939453125	-71.56714630126953
365.0749206542969	-71.27921295166016
365.38043212890625	-70.92538452148438
365.9306640625	-70.28816986083984
366.4814758300781	-69.65035247802734
366.7284851074219	-69.36434173583984
367.0298767089844	-69.01561737060547
367.27325439453125	-68.73444366455078
367.5732727050781	-68.38754272460938
367.8154296875	-68.10738372802734
368.1139221191406	-67.761962890625
368.65411376953125	-67.13957214355469
369.1945495605469	-66.51715087890625
369.4248046875	-66.25035858154297
369.7138366699219	-65.91419219970703
369.95465087890625	-65.63246154785156
370.2406311035156	-65.29711151123047
370.48614501953125	-65.01022338867188
370.7707214355469	-64.67953491210938
371.28753662109375	-64.08032989501953
371.8052062988281	-63.46612548828125
372.03057861328125	-63.187068939208984
372.2969055175781	-62.847084045410156
372.50421142578125	-62.575904846191406
372.7577819824219	-62.23958969116211
372.960205078125	-61.97089767456055
373.2122802734375	-61.638519287109375
373.67657470703125	-61.03277587890625
373.67657470703125	-60.419639587402344
374.14727783203125	-60.419639587402344
374.35491943359375	-60.14789581298828
374.6050109863281	-59.82027816772461
374.8027648925781	-59.56101608276367
375.052001953125	-59.23409652709961
375.2507019042969	-58.97330093383789
375.49920654296875	-58.64713668823242
375.49920654296875	-58.05106735229492
375.9532165527344	-58.05106735229492
376.4180603027344	-57.441139221191406
376.6255798339844	-57.169036865234375
376.8849182128906	-56.828956604003906
377.0968322753906	-56.5508918762207
377.35394287109375	-56.215431213378906
377.5672912597656	-55.94034957885742
377.5672912597656	-55.605613708496094
378.0433044433594	-55.330936431884766
378.3020935058594	-55.00091552734375
378.3020935058594	-54.403106689453125
378.77764892578125	-54.403106689453125
378.9982604980469	-54.126243591308594
379.2607421875	-53.79620361328125
379.48260498046875	-53.5167350769043
379.7437438964844	-53.187313079833984
379.9603271484375	-52.913902282714844
380.2198791503906	-52.58604431152344
380.4393005371094	-52.30949783325195
380.69915771484375	-51.9826774597168
381.1793518066406	-51.37916946411133
381.63934326171875	-50.8004264831543
381.8527526855469	-50.533145904541016
382.106201171875	-50.21992874145508
382.3237609863281	-49.95684814453125
382.58648681640625	-49.64463424682617
382.80401611328125	-49.38760757446289
382.80401611328125	-49.07535171508789
383.28125	-48.820960998535156
383.5209655761719	-48.535247802734375
383.9095458984375	-48.07236099243164
384.3531799316406	-47.54659652709961
384.6501770019531	-47.193092346191406
384.9552001953125	-46.829002380371094
385.496826171875	-46.182281494140625
385.8830871582031	-45.72150802612305
386.27703857421875	-45.252227783203125
386.6710510253906	-44.78178405761719
387.0519714355469	-44.3121337890625
387.0519714355469	-43.84749984741211
387.41595458984375	-43.84749984741211
387.9320068359375	-43.1924934387207
388.13140869140625	-42.93943786621094
388.47991943359375	-42.486778259277344
388.8251037597656	-42.03497314453125
389.1742248535156	-41.575279235839844
389.5191345214844	-41.098060607910156
389.8396911621094	-40.619266510009766
390.1314392089844	-40.14682388305664
390.40545654296875	-39.65400695800781
390.64581298828125	-39.17658233642578
390.64581298828125	-38.69397735595703
390.9664001464844	-38.4785041809082
391.1726989746094	-38.019649505615234
391.38323974609375	-37.57509231567383
391.50244140625	-37.136959075927734
391.71612548828125	-36.897281646728516
391.8121337890625	-36.463584899902344
392.1422119140625	-36.0270881652832
392.3646545410156	-35.592132568359375
392.5819396972656	-35.158729553222656
392.7921142578125	-34.744956970214844
393.0069274902344	-34.346858978271484
393.2420959472656	-33.93394470214844
393.46923828125	-33.541114807128906
393.7959899902344	-33.00682067871094
394.04022216796875	-32.643253326416016
394.2950439453125	-32.28396987915039
394.6936950683594	-31.726154327392578
394.9776611328125	-31.33285140991211
395.27398681640625	-30.917320251464844
395.5714111328125	-30.498023986816406
395.8769836425781	-30.07596206665039
396.17572021484375	-29.666866302490234
396.4745178222656	-29.26265525817871
396.7822265625	-28.859214782714844
397.11468505859375	-28.43513298034668
397.48187255859375	-27.96995735168457
397.8743591308594	-27.4675235748291
398.287841796875	-26.935302734375
398.4830627441406	-26.683921813964844
398.7298583984375	-26.367433547973633
398.9347229003906	-26.10808563232422
399.20172119140625	-25.776750564575195
399.43951416015625	-25.485994338989258
399.7275390625	-25.135395050048828
400.2714538574219	-24.470827102661133
400.52630615234375	-24.157949447631836
400.82794189453125	-23.788633346557617
401.0743713378906	-23.490571975708008
401.3814697265625	-23.126752853393555
401.6243896484375	-22.84348487854004
401.9375	-22.48037338256836
402.1983337402344	-22.177696228027344
402.1983337402344	-21.81548309326172
402.50958251953125	-21.81548309326172
403.07623291015625	-21.15353012084961
403.3260192871094	-20.861026763916016
403.6333312988281	-20.500930786132812
403.8803405761719	-20.21147918701172
404.1864318847656	-19.852985382080078
404.4270935058594	-19.571266174316406
404.4270935058594	-19.214448928833008
404.7320556640625	-19.214448928833008
405.2736511230469	-18.58090591430664
405.5118713378906	-18.302350997924805
405.5118713378906	-17.6658878326416
406.0561828613281	-17.6658878326416
406.3573303222656	-17.31370735168457
406.59759521484375	-17.03270149230957
406.89739990234375	-16.68202781677246
407.1387023925781	-16.399829864501953
407.4372253417969	-16.050670623779297
407.9767761230469	-15.419679641723633
408.2195129394531	-15.135808944702148
408.51556396484375	-14.789661407470703
408.7479248046875	-14.517956733703613
409.0427551269531	-14.173254013061523
409.27203369140625	-13.9051513671875
409.5655822753906	-13.561762809753418
410.086181640625	-12.952735900878906
410.6128845214844	-12.336691856384277
410.84344482421875	-12.066902160644531
411.1333312988281	-11.72772216796875
411.364013671875	-11.457757949829102
411.65264892578125	-11.119903564453125
411.8883972167969	-10.844016075134277
412.1759033203125	-10.50760269165039
412.69635009765625	-9.8986234664917
412.9275817871094	-9.627974510192871
413.2126770019531	-9.294356346130371
413.44134521484375	-9.026752471923828
413.7250671386719	-8.694777488708496
413.9540100097656	-8.426899909973145
414.2362976074219	-8.096574783325195
414.4562072753906	-7.83922815322876
414.7371826171875	-7.510239124298096
415.24298095703125	-6.917684555053711
415.463134765625	-6.659732341766357
415.74114990234375	-6.334118366241455
415.9681091308594	-6.068066596984863
416.2443542480469	-5.743982315063477
416.46875	-5.480711936950684
416.46875	-5.158295154571533
417.2383117675781	-4.5778913497924805
417.73480224609375	-3.9964590072631836
417.95074462890625	-3.743103504180908
418.2206726074219	-3.4264302253723145
418.4357604980469	-3.1742095947265625
418.7042541503906	-2.8595080375671387
418.9263000488281	-2.599349021911621
419.17474365234375	-2.3084142208099365
419.56805419921875	-1.847255825996399
420.01251220703125	-1.324813961982727
420.22955322265625	-1.0689581632614136
420.51629638671875	-0.7314014434814453
420.7853698730469	-0.416249543428421
421.0621337890625	-0.09280858188867569
421.3531494140625	0.24787816405296326
421.7391357421875	0.699673056602478
422.1061706542969	1.121936559677124
422.3622131347656	1.4096311330795288
422.61370849609375	1.6968132257461548
422.9901123046875	2.124772071838379
423.23773193359375	2.392577886581421
423.48968505859375	2.6591317653656006
423.7371826171875	2.9270479679107666
423.9732971191406	3.184229850769043
424.209228515625	3.430278778076172
424.4559020996094	3.675901412963867
424.69915771484375	3.9192311763763428
424.9272155761719	4.15092658996582
425.15252685546875	4.37174129486084
425.4820861816406	4.66961145401001
425.82421875	4.947536945343018
426.038818359375	5.2392401695251465
426.5328674316406	5.407864093780518
426.8668518066406	5.5764994621276855
427.31488037109375	5.792040824890137
427.6398620605469	5.9409685134887695
427.9691467285156	6.076874732971191
428.26031494140625	6.176146030426025
428.6170959472656	6.272171974182129
429.064208984375	6.350114822387695
429.3961181640625	6.392541885375977
429.8999938964844	6.42329740524292
430.24517822265625	6.432816505432129
430.5856628417969	6.434028625488281
430.9210205078125	6.423152446746826
431.2369384765625	6.397004127502441
431.56304931640625	6.357443809509277
431.89129638671875	6.314223766326904
432.21221923828125	6.270615100860596
432.5194091796875	6.220160484313965
432.81976318359375	6.155525207519531
433.12615966796875	6.077147006988525
433.44140625	5.993204116821289
433.7542724609375	5.911327362060547
434.0556640625	5.830008029937744
434.3611755371094	5.738343238830566
434.6742858886719	5.6391706466674805
434.9846496582031	5.542893409729004
435.30877685546875	5.44188928604126
435.6725769042969	5.320144176483154
436.07098388671875	5.174957752227783
436.5190124511719	4.996429920196533
436.9703369140625	4.796574115753174
437.4040832519531	4.578423500061035
437.8262939453125	4.338695049285889
438.2471923828125	4.08158540725708
438.6837463378906	3.8067150115966797
439.1357421875	3.5205342769622803
439.59271240234375	3.234025001525879
440.0541076660156	2.948082447052002
440.527099609375	2.6559267044067383
440.9955139160156	2.376559257507324
441.46490478515625	2.102766513824463
441.92242431640625	1.8314143419265747
442.4150390625	1.5367482900619507
442.9459228515625	1.2190760374069214
443.5207214355469	0.8762924075126648
443.7890319824219	0.716539204120636
444.1349792480469	0.5104011297225952
444.4115905761719	0.34550711512565613
444.77740478515625	0.1274067461490631
445.0732116699219	-0.04894605651497841
445.45880126953125	-0.2788083255290985
446.171875	-0.7038689255714417
446.5079040527344	-0.9041869044303894
446.92987060546875	-1.1558274030685425
447.2586975097656	-1.3518065214157104
447.6776123046875	-1.6021052598953247
448.4267578125	-2.0525400638580322
448.7540283203125	-2.249617576599121
449.1698913574219	-2.499941110610962
449.4842834472656	-2.689082145690918
449.8973693847656	-2.937272787094116
450.21905517578125	-3.1305339336395264
450.6246032714844	-3.3758466243743896
451.3376770019531	-3.8179545402526855
451.65460205078125	-4.016434192657471
452.0588684082031	-4.2694549560546875
452.3661193847656	-4.461370468139648
452.7691955566406	-4.712657928466797
453.4769592285156	-5.152721881866455
453.7962341308594	-5.351311206817627
454.517822265625	-5.801374435424805
454.91583251953125	-6.049807071685791
455.2423400878906	-6.253990173339844
455.6422119140625	-6.503306865692139
456.35858154296875	-6.943604469299316
456.666748046875	-7.1322479248046875
456.666748046875	-7.5611748695373535
457.3667297363281	-7.5611748695373535
457.7597351074219	-7.80234956741333
458.0628967285156	-7.988554954528809
458.45294189453125	-8.228069305419922
459.1399230957031	-8.652109146118164
459.43804931640625	-8.839838027954102
459.8209228515625	-9.084053039550781
460.11529541015625	-9.272274017333984
460.49713134765625	-9.516092300415039
461.17449951171875	-9.94711685180664
461.47802734375	-10.13982105255127
461.8592529296875	-10.381861686706543
462.1649169921875	-10.575424194335938
462.54901123046875	-10.815826416015625
462.85107421875	-11.001794815063477
463.23138427734375	-11.23367977142334
463.90936279296875	-11.64727783203125
464.21051025390625	-11.83167552947998
464.58642578125	-12.062357902526855
464.880126953125	-12.242887496948242
465.254150390625	-12.472914695739746
465.5550231933594	-12.657782554626465
465.92559814453125	-12.886225700378418
466.5879211425781	-13.296675682067871
466.8661804199219	-13.469179153442383
467.2342834472656	-13.697189331054688
467.5284118652344	-13.879250526428223
467.8948974609375	-14.105984687805176
468.53875732421875	-14.504181861877441
468.8298645019531	-14.684207916259766
469.19293212890625	-14.908759117126465
469.4787902832031	-15.085559844970703
469.8482971191406	-15.314163208007812
470.14276123046875	-15.496334075927734
470.52020263671875	-15.729886054992676
470.52020263671875	-16.14800262451172
471.19580078125	-16.14800262451172
471.50115966796875	-16.336938858032227
471.8926696777344	-16.579181671142578
472.2033386230469	-16.77142906188965
472.6042785644531	-17.01954460144043
473.3367004394531	-17.472864151000977
474.0641174316406	-17.9230899810791
474.38580322265625	-18.122228622436523
474.8041687011719	-18.381240844726562
475.13214111328125	-18.584325790405273
475.5506286621094	-18.843425750732422
476.31036376953125	-19.31382179260254
476.6521911621094	-19.525480270385742
477.087646484375	-19.795116424560547
477.4215087890625	-20.001890182495117
477.8551330566406	-20.27045249938965
478.60888671875	-20.737220764160156
478.9317321777344	-20.93717384338379
479.3617858886719	-21.203472137451172
479.6949462890625	-21.409812927246094
480.12451171875	-21.676183700561523
480.4676818847656	-21.888263702392578
480.8957214355469	-22.150083541870117
481.6476745605469	-22.607301712036133
481.6476745605469	-23.07532501220703
482.4166564941406	-23.07532501220703
482.7418518066406	-23.27354621887207
483.1618957519531	-23.52972984313965
483.4870910644531	-23.728086471557617
483.9045715332031	-23.982711791992188
484.6443786621094	-24.43395233154297
484.97039794921875	-24.632766723632812
485.3832702636719	-24.884449005126953
485.7066955566406	-25.081554412841797
486.1172790527344	-25.33181381225586
486.4375915527344	-25.527090072631836
486.8458251953125	-25.775999069213867
487.5773010253906	-26.221866607666016
487.8871765136719	-26.410762786865234
488.2911682128906	-26.6571102142334
488.5975646972656	-26.84392547607422
488.9994201660156	-27.0889892578125
489.7067565917969	-27.52029037475586
490.01348876953125	-27.70729637145996
490.4111022949219	-27.949743270874023
490.717041015625	-28.136240005493164
491.1124267578125	-28.3773250579834
491.4173278808594	-28.56320571899414
491.810546875	-28.80289077758789
491.810546875	-29.227569580078125
492.50726318359375	-29.227569580078125
492.80511474609375	-29.40908432006836
493.19378662109375	-29.64597511291504
493.48626708984375	-29.82422637939453
493.8727111816406	-30.059741973876953
494.5523986816406	-30.47395896911621
494.8538818359375	-30.65797233581543
495.2389221191406	-30.892072677612305
495.55340576171875	-31.081409454345703
495.9349365234375	-31.30976676940918
496.2332458496094	-31.48815155029297
496.6123962402344	-31.715072631835938
496.6123962402344	-32.113948822021484
497.2779235839844	-32.113948822021484
497.5660400390625	-32.28678894042969
497.94073486328125	-32.51171112060547
498.23419189453125	-32.688228607177734
498.6100158691406	-32.91375732421875
498.6100158691406	-33.30707931518555
499.27532958984375	-33.30707931518555
499.5718688964844	-33.48163986206055
499.94195556640625	-33.6996955871582
500.2357482910156	-33.87306594848633
500.6036682128906	-34.09037399291992
500.8912353515625	-34.2603645324707
501.257080078125	-34.47673416137695
501.9080810546875	-34.86193084716797
502.1878662109375	-35.02742004394531
502.5497741699219	-35.24144744873047
502.8317565917969	-35.408172607421875
503.1918029785156	-35.62102508544922
503.81988525390625	-35.99253463745117
504.0996398925781	-36.15827560424805
504.7205505371094	-36.52634048461914
505.0754699707031	-36.73662567138672
505.34228515625	-36.89462661743164
505.6956481933594	-37.10379409790039
506.3198547363281	-37.47335433959961
506.59637451171875	-37.63728713989258
506.9468688964844	-37.84524154663086
507.21112060546875	-38.002010345458984
507.56048583984375	-38.20909881591797
508.17877197265625	-38.5750732421875
508.4480895996094	-38.735347747802734
509.0611877441406	-39.102256774902344
509.40618896484375	-39.30860137939453
509.67431640625	-39.468875885009766
510.0182800292969	-39.67430877685547
510.63446044921875	-40.04218292236328
510.8927307128906	-40.196319580078125
511.2340393066406	-40.399906158447266
511.4990234375	-40.55788803100586
511.8351745605469	-40.75899124145508
512.4249267578125	-41.11829376220703
512.6854858398438	-41.278141021728516
513.021240234375	-41.48365783691406
513.2861938476562	-41.64543914794922
513.6211547851562	-41.84965896606445
513.8799438476562	-42.007286071777344
514.2139892578125	-42.21051788330078
514.7987060546875	-42.56611251831055
515.0629272460938	-42.72690200805664
515.394775390625	-42.92885971069336
515.9802856445312	-43.285400390625
516.56201171875	-43.63960647583008
517.1365966796875	-43.99056625366211
517.3825073242188	-44.3422737121582
517.7092895507812	-44.3422737121582
518.2879028320312	-44.69706344604492
518.8626708984375	-45.04917526245117
519.4356689453125	-45.400115966796875
519.6924438476562	-45.55738067626953
520.0144653320312	-45.754573822021484
520.5827026367188	-46.102779388427734
521.1423950195312	-46.44614791870117
521.7041015625	-46.791481018066406
522.2657470703125	-47.13639450073242
522.8194580078125	-47.47562789916992
523.3831176757812	-47.82107925415039
523.9708251953125	-48.18252944946289
524.228759765625	-48.341087341308594
524.564697265625	-48.547420501708984
524.8264770507812	-48.7080078125
525.1610107421875	-48.91289138793945
525.422607421875	-49.0728874206543
525.7557373046875	-49.2767448425293
526.3410034179688	-49.63535690307617
526.6051025390625	-49.797325134277344
526.9356079101562	-50.00016784667969
527.1993408203125	-50.161922454833984
527.5318603515625	-50.363746643066406
528.1172485351562	-50.710426330566406
528.6906127929688	-51.048240661621094
528.9501953125	-51.20210266113281
529.2744750976562	-51.39485168457031
529.5340576171875	-51.5493049621582
529.8555908203125	-51.74080276489258
530.42529296875	-52.0803108215332
530.99609375	-52.42021179199219
531.5564575195312	-52.753360748291016
532.1415405273438	-53.101341247558594
532.404541015625	-53.25776672363281
532.748046875	-53.46232604980469
533.0170288085938	-53.62331771850586
533.35986328125	-53.82899475097656
533.6206665039062	-53.98554992675781
533.9620361328125	-54.19033432006836
534.5673217773438	-54.55317687988281
534.8394775390625	-54.71629333496094
535.1780395507812	-54.91910171508789
535.452880859375	-55.0837287902832
535.8002319335938	-55.291622161865234
536.0699462890625	-55.453163146972656
536.4344482421875	-55.671630859375
537.1075439453125	-56.07487487792969
537.4080810546875	-56.25485610961914
537.7953491210938	-56.4879035949707
538.09130859375	-56.668060302734375
538.4776611328125	-56.90520095825195
539.1549682617188	-57.32115936279297
539.45166015625	-57.50294494628906
539.8341674804688	-57.73700714111328
540.1322631835938	-57.919185638427734
540.5126953125	-58.15154266357422
541.1868286132812	-58.56300354003906
541.4839477539062	-58.7442626953125
541.8816528320312	-58.987060546875
542.1962890625	-59.17924499511719
542.6124877929688	-59.43366241455078
542.9470825195312	-59.6381721496582
543.3828735351562	-59.90446090698242
544.1904296875	-60.39806365966797
544.5616455078125	-60.624942779541016
545.0364379882812	-60.91513442993164
545.4094848632812	-61.14314651489258
545.9035034179688	-61.44517135620117
546.297119140625	-61.6855583190918
546.7962036132812	-61.99103927612305
547.6903686523438	-62.54322052001953
548.077392578125	-62.78293228149414
548.5736083984375	-63.090118408203125
548.96240234375	-63.330780029296875
549.456787109375	-63.63652801513672
550.332763671875	-64.17790222167969
550.7091674804688	-64.41046142578125
551.2001342773438	-64.71377563476562
551.5781860351562	-64.94738006591797
552.0673828125	-65.24970245361328
552.4424438476562	-65.48148345947266
552.9298706054688	-65.78276062011719
553.7872314453125	-66.31273651123047
554.1615600585938	-66.54413604736328
554.6454467773438	-66.8432388305664
555.0264282226562	-67.07869720458984
555.5084228515625	-67.37664794921875
556.3544311523438	-67.89954376220703
556.7276000976562	-68.13026428222656
557.2059936523438	-68.42595672607422
557.5715942382812	-68.65189361572266
558.0481567382812	-68.94644165039062
558.0481567382812	-69.46641540527344
558.8892211914062	-69.46641540527344
559.2581176757812	-69.6944808959961
559.73095703125	-69.98670959472656
560.09814453125	-70.21369171142578
560.5689086914062	-70.50470733642578
560.9323120117188	-70.72927856445312
561.4012451171875	-71.0191650390625
562.2252197265625	-71.52845001220703
562.583251953125	-71.7497787475586
563.0485229492188	-72.03739929199219
563.4100341796875	-72.2608871459961
563.88232421875	-72.55282592773438
564.7489624023438	-73.08860778808594
565.1328125	-73.3258285522461
565.6430053710938	-73.64129638671875
566.0490112304688	-73.89231872558594
566.5789794921875	-74.2199478149414
567.5272216796875	-74.80622100830078
567.953125	-75.06959533691406
568.5219116210938	-75.42123413085938
568.9805297851562	-75.70479583740234
569.5692138671875	-76.06877899169922
570.0365600585938	-76.35775756835938
570.6469116210938	-76.7354507446289
571.7617797851562	-77.42052459716797
572.2576904296875	-77.7182388305664
572.2576904296875	-78.08746337890625
572.8818969726562	-78.08746337890625
573.37548828125	-78.37739562988281
573.9979858398438	-78.74269104003906
575.0916137695312	-79.38555145263672
575.5776977539062	-79.67202758789062
576.6566772460938	-80.3091812133789
577.2730712890625	-80.67333221435547
577.73046875	-80.943603515625
577.73046875	-81.30567932128906
578.3436279296875	-81.30567932128906
579.4180908203125	-81.94258880615234
579.8848876953125	-82.21965026855469
580.4949951171875	-82.58184051513672
580.958740234375	-82.85710906982422
581.567138671875	-83.21824645996094
582.6201171875	-83.8430404663086
583.0846557617188	-84.11844635009766
583.6870727539062	-84.47698211669922
584.1369018554688	-84.74640655517578
584.7384033203125	-85.1076889038086
585.8043212890625	-85.74845886230469
586.2622680664062	-86.02367401123047
586.8613891601562	-86.3835678100586
587.2986450195312	-86.646240234375
587.8958129882812	-87.00485229492188
587.8958129882812	-87.62737274169922
588.9330444335938	-87.62737274169922
589.3658447265625	-87.8870620727539
589.3658447265625	-88.24235534667969
589.9581909179688	-88.24235534667969
590.4196166992188	-88.51991271972656
591.0101928710938	-88.87596130371094
592.0403442382812	-89.49736022949219
592.47802734375	-89.7614974975586
593.064208984375	-90.1151123046875
593.5083618164062	-90.38288116455078
594.103759765625	-90.74192810058594
594.103759765625	-91.39158630371094
595.1810302734375	-91.39158630371094
595.6480102539062	-91.6730728149414
596.2485961914062	-92.034912109375
596.7022094726562	-92.30827331542969
597.29345703125	-92.66698455810547
597.7424926757812	-92.94401550292969
598.333251953125	-93.3127670288086
599.3690185546875	-93.96131896972656
599.8236083984375	-94.2455825805664
600.404541015625	-94.60875701904297
600.8660278320312	-94.89989471435547
601.444580078125	-95.27037048339844
602.4539184570312	-95.92124938964844
602.9052124023438	-96.21226501464844
603.4800415039062	-96.58270263671875
603.9114990234375	-96.86044311523438
604.4846801757812	-97.22906494140625
605.4869995117188	-97.87311553955078
605.9176025390625	-98.14985656738281
606.4866943359375	-98.51556396484375
606.9442749023438	-98.80970764160156
607.5111694335938	-99.17414855957031
608.4935913085938	-99.80597686767578
608.9244995117188	-100.08309173583984
609.4892578125	-100.44683074951172
609.9456787109375	-100.73983001708984
610.5177612304688	-101.10182189941406
610.962158203125	-101.37605285644531
611.5320434570312	-101.72003173828125
612.5457153320312	-102.32491302490234
612.9588012695312	-102.5716781616211
613.5225219726562	-102.90910339355469
613.9513549804688	-103.16641998291016
614.5120849609375	-103.50370788574219
614.5120849609375	-104.10397338867188
615.5084838867188	-104.10397338867188
615.931640625	-104.3592300415039
615.931640625	-104.69184875488281
616.478271484375	-104.69184875488281
616.89794921875	-104.95201110839844
617.44384765625	-105.29573059082031
618.4105224609375	-105.9076919555664
618.8201293945312	-106.16671752929688
619.3630981445312	-106.50936889648438
619.78369140625	-106.77428436279297
619.78369140625	-107.11682891845703
620.3275146484375	-107.11682891845703
621.2761840820312	-107.70890045166016
621.6807861328125	-107.96001434326172
622.220947265625	-108.29520416259766
622.6207885742188	-108.54340362548828
622.6207885742188	-108.87779998779297
623.158935546875	-108.87779998779297
624.0935668945312	-109.45914459228516
624.4984741210938	-109.71109008789062
624.4984741210938	-110.04369354248047
625.0328369140625	-110.04369354248047
625.443603515625	-110.29985809326172
625.9803466796875	-110.63255310058594
626.9090576171875	-111.20002746582031
627.3115234375	-111.44473266601562
627.8433837890625	-111.76815032958984
628.24072265625	-112.00994110107422
628.7703857421875	-112.33258056640625
629.6924438476562	-112.8948974609375
630.0892333984375	-113.13701629638672
630.6146850585938	-113.45780944824219
631.0035400390625	-113.69514465332031
631.52734375	-114.01483917236328
631.9363403320312	-114.26438903808594
632.4700317382812	-114.59001159667969
632.4700317382812	-115.17147827148438
633.423095703125	-115.17147827148438
633.840087890625	-115.42597961425781
634.3900146484375	-115.76152801513672
634.8084106445312	-116.01681518554688
635.36083984375	-116.35406494140625
636.34326171875	-116.95380401611328
636.7623291015625	-117.20964050292969
637.3194580078125	-117.54975891113281
637.7360229492188	-117.80403900146484
638.2913818359375	-118.1430892944336
639.2623901367188	-118.73587036132812
639.6761474609375	-118.98847961425781
640.2280883789062	-119.325439453125
640.6484985351562	-119.58216094970703
640.6484985351562	-119.91807556152344
641.1986083984375	-119.91807556152344
642.1761474609375	-120.51506042480469
642.59033203125	-120.76801300048828
642.59033203125	-121.101806640625
643.136962890625	-121.101806640625
643.5486450195312	-121.35315704345703
644.0934448242188	-121.6858901977539
645.0386962890625	-122.26316833496094
645.45068359375	-122.51471710205078
645.9951782226562	-122.8473129272461
646.4151611328125	-123.10371398925781
646.975830078125	-123.44597625732422
647.9575805664062	-124.04535675048828
648.3869018554688	-124.30744171142578
648.9453735351562	-124.64838409423828
649.3744506835938	-124.91031646728516
649.9342651367188	-125.25206756591797
650.9373779296875	-125.86425018310547
651.3711547851562	-126.12897491455078
651.9559326171875	-126.48591613769531
652.3975830078125	-126.7555160522461
652.98046875	-127.11121368408203
654.0103759765625	-127.74002075195312
654.4393310546875	-128.0018310546875
655.0178833007812	-128.35496520996094
655.4468994140625	-128.61691284179688
656.0231323242188	-128.9688262939453
657.0272216796875	-129.58181762695312
657.4603271484375	-129.84603881835938
658.0327758789062	-130.19515991210938
658.4654541015625	-130.4590606689453
659.0357055664062	-130.80691528320312
660.0270385742188	-131.4112548828125
660.45361328125	-131.67138671875
660.45361328125	-132.01663208007812
661.0195922851562	-132.01663208007812
661.4362182617188	-132.27090454101562
661.9996948242188	-132.61502075195312
662.981689453125	-133.21493530273438
663.4036865234375	-133.47267150878906
663.962890625	-133.81414794921875
664.3696899414062	-134.06265258789062
664.9266967773438	-134.40283203125
665.9188842773438	-135.00868225097656
666.33203125	-135.26083374023438
666.8846435546875	-135.59812927246094
667.2965698242188	-135.8495330810547
667.8471069335938	-136.1854705810547
668.8075561523438	-136.77163696289062
669.2290649414062	-137.0288543701172
669.775146484375	-137.3621368408203
670.1801147460938	-137.6092987060547
670.72412109375	-137.94126892089844
671.67431640625	-138.52105712890625
672.076904296875	-138.7667694091797
672.593994140625	-139.08238220214844
672.9599609375	-139.3056640625
673.4301147460938	-139.59251403808594
674.184326171875	-140.0526885986328
674.4758911132812	-140.2306365966797
674.849365234375	-140.45831298828125
675.42822265625	-140.81121826171875
675.9197998046875	-141.1103515625
676.3286743164062	-141.3586883544922
676.6475219726562	-141.5531005859375
676.9417724609375	-141.73268127441406
677.2063598632812	-141.89488220214844
